# source_id_1_1       ra_1_1             dec_1_1             phot_g_mean_mag_1 phot_bp_mean_mag_1 phot_rp_mean_mag_1 _2MASS           Jmag   e_Jmag Hmag   e_Hmag Kmag   e_Kmag objID             gmag    e_gmag rmag_2  e_rmag imag    e_imag zmag    e_zmag ymag    e_ymag
  6049060977962069248 246.58570241969522 -24.939524575021693 12.034081         13.337611          10.912723          16262057-2456223 8.879  0.026  7.949  0.057  7.543  0.018  78072465856982866 13.9702 0.0107 12.387  0.0    11.42   0.0    10.77   0.0    10.418  0.0   
  6049180030159574272 245.36223126430332 -25.20570583283996  12.061679         12.968357          11.116123          16212690-2512206 9.634  0.024  8.872  0.042  8.696  0.023  77752453624443420 13.3306 0.0098 12.0725 0.0044 11.2945 0.0019 12.0173 0.031  0.0     0.0   
  6048880928636274048 244.4934990073371  -25.037564935874453 12.103099         13.1912775         11.073687          16175845-2502153 9.4    0.024  8.532  0.053  8.361  0.078  77952444935035328 13.7128 0.0032 12.222  0.0    11.444  0.0    10.982  0.0    10.713  0.0   
  6048968790786976128 245.682143621775   -25.5530145038585   12.150144         12.554104          11.561721          16224371-2533106 10.743 0.026  10.492 0.023  10.359 0.023  77332456824256545 0.0     0.0    13.4731 0.0966 13.2456 0.1538 13.0665 0.001  0.0     0.0   
  6048575608001144192 245.0819191739074  -25.74667644716985  12.15741          13.133309          11.17804           16201967-2544479 9.636  0.023  8.885  0.042  8.627  0.019  77102450821654208 13.5157 0.001  13.2837 0.0546 11.6085 0.0103 11.4297 0.069  11.1163 0.0686
  6049244351589198208 245.84089377532285 -24.41619601973377  12.16884          13.039445          11.228318          16232181-2424577 9.708  0.024  9.06   0.024  8.762  0.021  78702458408790986 13.3978 0.001  12.38   0.0    11.708  0.0    11.246  0.0    11.026  0.0   
  6048773107778242944 244.81134896202036 -25.542144289868343 12.175787         13.119952          11.203002          16191473-2532314 9.662  0.023  8.975  0.022  8.73   0.019  77342448114059876 13.5232 3.0E-4 12.336  0.0    11.661  0.0    11.199  0.0    10.979  0.0   
  6049210614624189696 245.26067338031038 -24.819030874051318 12.246018         13.822351          11.039077          16210256-2449084 8.823  0.023  7.668  0.034  7.275  0.017  78212452607057723 14.5794 0.0051 13.022  0.0    11.817  0.0    10.977  0.0    10.538  0.0   
  6048535823726466304 245.50606546484696 -25.858214898450857 12.253751         13.266441          11.259486          16220144-2551294 9.667  0.021  8.799  0.036  8.543  0.019  76972455060440481 13.7028 0.0028 12.425  0.0    11.72   0.0    11.274  0.0    11.012  0.0   
  6049182542717897728 245.433264072292   -25.083306532246773 12.254053         13.742657          11.072139          16214400-2504597 8.923  0.035  7.816  0.029  7.452  0.016  77902454332580444 14.4684 0.0011 12.821  0.0    11.715  0.0    10.954  0.0    10.552  0.0   
  6048878695253279104 244.8451574897303  -24.87768890826332  12.309398         13.465615          11.247218          16192284-2452396 9.444  0.023  8.569  0.049  8.252  0.026  78142448452257105 14.0163 0.0028 12.522  0.0    11.72   0.0    11.182  0.0    10.887  0.0   
  6050032907584540032 244.90287294365123 -24.363031690352372 12.316882         13.650901          11.187806          16193670-2421466 9.153  0.024  8.244  0.046  7.924  0.023  78762449028614845 14.275  0.0017 12.689  0.0    11.729  0.0    11.048  0.0    10.711  0.0   
  6048927279924445952 246.09638676126167 -25.445471296483344 12.342527         13.236674          11.394934          16242314-2526436 9.909  0.026  9.405  0.026  9.131  0.025  77462460964275696 13.5729 0.0045 12.779  0.0    12.031  0.0    11.43   0.0    11.236  0.0   
  6048990299983236608 245.53803368789684 -25.29501686249565  12.345178         13.46951           11.299709          16220912-2517420 9.565  0.021  8.645  0.033  8.414  0.019  77642455379336478 13.9907 0.0062 12.736  0.0    11.836  0.0    11.281  0.0    10.968  0.0   
  6048869211965743104 244.73880248444019 -25.063632622138577 12.364979         13.593293          11.272303          16185731-2503488 9.414  0.023  8.47   0.067  8.17   0.024  77922447388014064 14.1455 0.0121 12.64   0.0    11.776  0.0    11.204  0.0    10.885  0.0   
  6049009915094699904 246.0939109399933  -25.054009093844947 12.382192         14.553559          11.030712          16242254-2503143 8.448  0.023  7.247  0.046  6.737  0.018  77932460940295470 15.31   0.0043 13.229  0.0    11.826  0.0    10.828  0.0    10.319  0.0   
  6048816714584751360 244.87970517580092 -25.207776269629324 12.387722         13.407236          11.384961          16193114-2512279 9.715  0.024  8.978  0.023  8.706  0.024  77752448796341316 13.8091 0.0011 13.2797 0.0    11.9154 0.0171 11.1017 0.0897 11.1292 0.0012
  6048562761761848448 245.2073654092571  -25.8168841083221   12.401222         13.381745          11.423316          16204977-2549007 9.908  0.026  9.152  0.024  8.893  0.025  77022452073690042 13.8142 0.0026 12.743  0.0    12.017  0.0    11.519  0.0    11.274  0.0   
  6050030777280952192 244.7235133225776  -24.351033987981076 12.405004         13.990228          11.188296          16185364-2421037 9.16   0.019  8.124  0.051  7.785  0.029  78772447235768969 14.5984 0.0048 12.793  0.0    11.788  0.0    11.104  0.0    10.737  0.0   
  6048797885448025088 244.9739446824542  -25.416560372354688 12.424484         13.547012          11.377884          16195375-2524594 9.603  0.023  8.802  0.038  8.535  0.023  77502449741760489 0.0     0.0    13.2873 0.001  12.3074 0.0444 12.1142 0.0937 11.6512 0.0315
  6048870590654613760 244.66812118918284 -25.00587466311691  12.428097         13.450156          11.427845          16184034-2500211 9.758  0.023  8.981  0.022  8.758  0.021  77992446680963323 13.8178 0.0333 12.548  0.0    11.847  0.0    11.371  0.0    11.126  0.0   
  6048913609047277824 246.30504790240315 -25.52211072310585  12.446319         13.635736          11.366714          16251320-2531194 9.534  0.024  8.664  0.044  8.311  0.026  77372463050773717 14.1546 0.0041 12.732  0.0    11.89   0.0    11.321  0.0    11.012  0.0   
  6049640485012642816 244.431558617183   -24.71906380785517  12.450187         13.362881          11.499814          16174358-2443083 10.037 0.024  9.327  0.023  9.091  0.019  78332444315437519 13.7245 0.0028 12.704  0.0    12.038  0.0    11.588  0.0    11.364  0.0   
  6048803962823299200 245.2887146851446  -25.27770474371914  12.450894         13.739532          11.338328          16210929-2516397 9.445  0.026  8.434  0.034  8.142  0.027  77662452886267215 14.3468 0.0015 12.642  0.0    11.779  0.0    11.206  0.0    10.887  0.0   
  6048986722274110336 245.5254892836134  -25.35602059689513  12.457456         13.400455          11.498746          16220610-2521215 9.999  0.023  9.236  0.024  9.007  0.019  77572455253983236 13.8052 0.0035 12.661  0.0    12.0    0.0    11.555  0.0    11.324  0.0   
  6048811384526784640 244.88074257451552 -25.303663050264735 12.458527         13.453444          11.463135          16193139-2518127 9.888  0.024  9.185  0.022  8.896  0.024  77632448807686062 13.861  0.0127 13.067  0.0    12.213  0.0    11.6    0.0    11.331  0.0   
  6048582071935151104 245.33000622031673 -25.852432279107358 12.493557         13.120215          11.724763          16211919-2551086 10.632 0.022  10.191 0.021  10.0   0.02   76972453299867411 13.3356 0.0    12.781  0.0    12.284  0.0    11.939  0.0    11.791  0.0   
  6048579902968436608 244.99499215997702 -25.680851565342202 12.496605         13.093486          11.736739          16195879-2540510 10.633 0.027  10.239 0.022  10.047 0.021  77182449952793150 13.7018 0.0011 13.1598 0.001  13.1311 0.001  0.0     0.0    11.7261 0.001 
  6050063556471749888 244.96988310619932 -24.139773700347895 12.526305         14.286529          11.263758          16195277-2408231 9.061  0.023  7.974  0.049  7.593  0.02   79032449698942629 14.9204 0.0051 13.038  0.0    11.913  0.0    11.137  0.0    10.727  0.0   
  6048584060503045760 245.4656385401943  -25.770584371963732 12.526932         13.4474745         11.580849          16215174-2546140 10.088 0.02   9.368  0.023  9.138  0.019  77072454655755440 13.8412 0.0022 13.4306 0.001  13.9029 0.0925 12.8018 0.001  11.4687 0.001 
  6048884162751307776 244.42576439078178 -25.00429868372771  12.534189         13.550555          11.539419          16174219-2500152 9.92   0.022  9.175  0.022  8.894  0.021  77992444257785176 14.0274 0.0043 12.946  0.0    12.154  0.0    11.597  0.0    11.333  0.0   
  6049219616875740416 245.61426442316602 -24.78536774156073  12.565185         14.296465          11.317572          16222741-2447073 8.954  0.019  7.752  0.046  7.314  0.021  78252456142598014 15.0799 0.0029 13.453  0.0    12.149  0.0    11.229  0.0    10.755  0.0   
  6048884948725662592 244.43344216700368 -24.94680005576915  12.572047         13.537733          11.601749          16174403-2456483 10.049 0.023  9.285  0.022  9.039  0.019  78062444334454169 13.9541 0.0028 12.838  0.0    12.137  0.0    11.661  0.0    11.418  0.0   
  6048953908721113344 246.36814511266152 -25.26244288011173  12.617363         13.483888          11.687494          16252836-2515430 10.206 0.022  9.631  0.021  9.375  0.021  77682463681605629 13.7993 0.0024 14.2467 0.0291 12.0659 0.0129 12.9334 0.0415 11.498  0.001 
  6050030781579679360 244.71726543908386 -24.353724316735708 12.618399         13.629957          11.6247            16185214-2421132 10.045 0.023  9.187  0.022  8.947  0.023  78772447172595883 14.076  0.0031 12.961  0.0    12.215  0.0    11.711  0.0    11.442  0.0   
  6048783660516352000 244.74222558915034 -25.538953755824835 12.631259         13.274746          11.840693          16185814-2532201 10.682 0.026  10.252 0.022  10.095 0.023  77352447422173638 13.5616 0.0    12.737  0.0    12.274  0.0    11.961  0.0    11.831  0.0   
  6049114922751320960 246.36193673476592 -24.719288156552384 12.670726         13.922234          11.57242           16252686-2443089 9.832  0.024  8.976  0.025  8.662  0.025  78332463619497269 14.5105 0.0097 12.927  0.0    12.121  0.0    11.569  0.0    11.279  0.0   
  6050044005780353536 244.64568282393742 -24.266670332928104 12.674882         13.959196          11.564009          16183496-2416000 9.779  0.023  8.77   0.04   8.489  0.021  78882446456720320 14.4945 0.0078 13.114  0.0    12.21   0.0    11.607  0.0    11.274  0.0   
  6048843137223898624 244.5514024786158  -25.19888920671833  12.743163         13.26795           12.040163          16181234-2511558 10.991 0.023  10.635 0.024  10.478 0.021  77762445514231706 13.4101 0.0018 12.85   0.0    12.461  0.0    12.189  0.0    12.0542 0.0067
  6048785000546181888 244.70686485603656 -25.467659293751375 12.757848         13.86366           11.717345          16184963-2528033 9.975  0.023  9.176  0.022  8.925  0.023  77432447068629225 14.3273 0.0045 12.942  0.0    12.182  0.0    11.659  0.0    11.392  0.0   
  6048875053122526720 244.92174881514765 -24.916818052458876 12.762518         14.136124          11.618805          16194122-2455003 9.574  0.024  8.582  0.059  8.242  0.027  78102449217820158 14.753  0.0145 13.092  0.0    12.126  0.0    11.475  0.0    11.123  0.0   
  6049251017379041408 245.02317477212483 -24.841775773071053 12.762914         14.181399          11.604005          16200555-2450303 9.615  0.027  8.662  0.038  8.285  0.027  78192450231760238 14.8035 0.0034 13.163  0.0    12.204  0.0    11.538  0.0    11.187  0.0   
  6048804443859635712 245.29454297518632 -25.252684130048607 12.773112         13.80845           11.7683935         16211067-2515095 10.099 0.022  9.283  0.021  9.013  0.021  77692452944767246 14.2743 0.0042 12.897  0.0    12.192  0.0    11.72   0.0    11.465  0.0   
  6048881207813795456 244.47939652569966 -25.021291203775302 12.798104         13.454697          12.001983          16175506-2501165 10.848 0.024  10.377 0.022  10.231 0.024  77972444794094844 13.6871 0.0018 12.854  0.0    12.404  0.0    12.107  0.0    11.982  0.0   
  6049233223332170240 245.54849091941568 -24.683911391698736 12.804531         14.699592          11.517719          16221163-2441020 9.059  0.024  7.816  0.038  7.326  0.026  78372455484789720 15.5755 0.0022 13.5098 0.0    12.387  0.0    11.406  0.0    10.904  0.0   
  6048535205251140736 245.63315936953876 -25.851792099993688 12.808864         13.887417          11.785203          16223195-2551063 10.169 0.024  9.214  0.022  8.967  0.019  76972456331808233 14.3458 0.0023 13.152  0.0    12.368  0.0    11.859  0.0    11.569  0.0   
  6048592139338708096 245.691459929987   -25.642929628401774 12.821785         14.512472          11.575091          16224594-2538343 9.508  0.026  8.494  0.053  8.148  0.026  77222456914678869 15.0643 0.0106 13.142  0.0    12.137  0.0    11.456  0.0    11.088  0.0   
  6050030231823678464 244.67389857964088 -24.397494552919493 12.822482         13.671733          11.917624          16184172-2423507 10.533 0.026  9.878  0.027  9.677  0.021  78722446738123372 14.0047 0.0013 13.038  0.0    12.425  0.0    12.012  0.0    11.812  0.0   
  6049283663428267648 244.98934739015502 -24.360664548804625 12.82722          13.873741          11.810755          16195745-2421382 10.152 0.023  9.375  0.023  9.1    0.019  78762449894147606 14.2966 0.0025 13.166  0.0    12.38   0.0    11.835  0.0    11.569  0.0   
  6048913918284928128 246.2606060708099  -25.53876794507813  12.839285         13.626988          11.954556          16250253-2532195 10.627 0.024  10.09  0.023  9.833  0.019  77352462606133761 13.9159 0.003  13.295  0.0    12.619  0.0    12.13   0.0    11.92   0.0   
  6048815615073134080 244.7521250243021  -25.258763471476204 12.840429         13.925346          11.801284          16190051-2515315 10.075 0.026  9.276  0.023  8.992  0.021  77682447520889904 14.3933 0.0017 13.135  0.0    12.331  0.0    11.769  0.0    11.496  0.0   
  6049035616179105024 245.98135968030937 -24.740020109253223 12.84481          15.874468          11.371269          16235551-2444240 8.302  0.023  6.944  0.046  6.311  0.029  78312459811832338 16.8132 0.0058 14.6596 0.007  12.26   0.0    11.026  0.0    10.409  0.0   
  6049252907165036416 245.08392427271912 -24.759004245628162 12.8618555        14.223298          11.721342          16202015-2445324 9.747  0.024  8.727  0.061  8.422  0.031  78282450839639538 14.8467 0.0136 13.137  0.0    12.213  0.0    11.593  0.0    11.255  0.0   
  6049229306321955968 245.91002394927094 -24.61543630885187  12.87591          13.511874          12.076205          16233838-2436554 10.8   0.024  10.345 0.024  10.139 0.019  78462459099741852 13.6754 8.0E-4 13.019  0.0    12.496  0.0    12.135  0.0    11.984  0.0   
  6049253392498482304 245.1363981268434  -24.720994621636084 12.921278         14.050846          11.868682          16203275-2443155 10.088 0.027  9.297  0.026  9.027  0.024  78332451364595189 14.5356 0.0062 13.053  0.0    12.293  0.0    11.77   0.0    11.503  0.0   
  6049274798615396480 244.8263867972652  -24.529164034214542 12.923795         13.923089          11.9313            16191832-2431450 10.295 0.021  9.545  0.022  9.281  0.019  78562448263835423 14.3079 0.0046 13.196  0.0    12.453  0.0    11.937  0.0    11.685  0.0   
  6049649044887827072 244.57964433708696 -24.587594353394802 12.928331         13.480209          12.209782          16181911-2435152 11.22  0.023  10.86  0.023  10.706 0.021  78492445796165236 13.6394 0.0027 13.076  0.0    12.687  0.0    12.416  0.0    12.2725 0.0022
  6048959754175986432 246.47314434488578 -25.19382860081418  12.932086         14.581251          11.704258          16255355-2511379 9.514  0.024  8.39   0.034  8.023  0.023  77762464731417701 15.3101 0.0082 13.4979 5.0E-4 12.404  0.0    11.612  0.0    11.194  0.0   
  6048596021988984576 245.57668553224474 -25.58601573594653  12.932328         13.792372          12.016274          16221838-2535096 10.577 0.022  9.901  0.029  9.683  0.021  77292455766447151 14.1337 0.0053 13.069  0.0    12.463  0.0    12.06   0.0    11.857  0.0   
  6048804997913864192 245.12049544018984 -25.33473148985833  12.934807         13.578059          12.13754           16202893-2520048 10.849 0.022  10.278 0.027  10.073 0.023  77592451205418732 13.7882 0.0036 12.871  0.0    12.425  0.0    12.147  0.0    12.03   0.0011
  6048770535096236160 244.7952524245667  -25.62919484462542  12.935574         14.023416          11.906515          16191086-2537451 10.163 0.023  9.402  0.023  9.105  0.019  77242447952625267 14.5161 0.0027 13.18   0.0    12.395  0.0    11.847  0.0    11.583  0.0   
  6048807231296859264 245.2454887785303  -25.25320512879909  12.936601         13.674616          12.088886          16205894-2515114 10.82  0.023  10.24  0.023  10.109 0.023  77692452455256563 13.9047 0.0    12.737  0.0    12.331  0.0    12.086  0.0    11.954  0.0   
  6050050087454091648 244.7274726892267  -24.243205235298944 12.947698         14.032316          11.920369          16185458-2414355 10.228 0.022  9.336  0.022  9.13   0.024  78902447274338489 14.506  0.0011 13.161  0.0    12.343  0.0    11.847  0.0    11.567  0.0   
  6049260676763429504 245.36037667256747 -24.649616698705245 12.955814         14.295024          11.826346          16212647-2438585 9.787  0.021  8.873  0.024  8.54   0.021  78422453603670860 14.9379 0.0016 13.387  0.0    12.406  0.0    11.711  0.0    11.366  0.0   
  6048539740736724480 245.8490616270765  -25.761836403345534 12.958919         13.96998           11.960913          16232377-2545425 10.421 0.024  9.623  0.023  9.397  0.023  77082458490706206 14.3941 0.0023 13.262  0.0    12.543  0.0    12.05   0.0    11.8    0.0   
  6048799294197296512 245.09110100116274 -25.347992209850755 12.96579          13.778038          12.0702505         16202186-2520527 10.727 0.022  10.114 0.024  9.909  0.019  77582450910982673 14.0683 0.0035 12.994  0.0    12.46   0.0    12.107  0.0    11.937  0.0   
  6048979236147700224 246.04000907523692 -25.30277613322357  12.965879         14.217615          11.867653          16240960-2518098 9.961  0.022  9.048  0.022  8.727  0.023  77632460400287012 14.7845 0.0025 13.2036 0.001  12.541  0.0    11.859  0.0    11.522  0.0   
  6048594819398152960 245.50913751616795 -25.598876262733345 12.966232         13.835701          12.045213          16220219-2535558 10.615 0.021  9.935  0.022  9.734  0.021  77282455091371747 14.2017 0.0057 13.175  0.0    12.541  0.0    12.111  0.0    11.904  0.0   
  6048938451138150656 246.3197005004394  -25.416040961371646 12.966533         14.287279          11.838623          16251672-2524576 9.751  0.021  8.775  0.049  8.483  0.021  77502463196931090 14.9296 0.0029 13.329  0.0    12.288  0.0    11.623  0.0    11.262  0.0   
  6050063217172996224 244.93983474134092 -24.15523008979389  12.983632         13.657669          12.175761          16194558-2409186 11.013 0.024  10.569 0.023  10.419 0.023  79012449398854093 13.8526 0.0011 13.059  0.0    12.597  0.0    12.281  0.0    12.1421 0.0044
